1.530189 0.729091 0.746115 0.762740 0.528644 0.629149 0.539173 0.705080 0.753392 0.466330 0.586988 0.272295 0.606193 0.544811 0.076870 0.628466 0.671618 0.324657 0.989801 0.446828 0.552966 0.396778 0.607720 0.869247 0.755305 0.878655 
0.729091 1.424026 0.791160 0.898097 0.655957 0.414367 0.722937 0.662891 0.514363 0.383236 0.469555 0.267318 0.603460 0.564340 0.060764 0.527380 0.700455 0.323128 0.643707 0.280710 0.396076 0.352156 0.643856 0.765100 0.472473 0.857842 
0.746115 0.791160 1.695260 0.891258 0.788881 0.611596 0.669744 0.758731 0.532160 0.396286 0.454433 0.221483 0.594364 0.858187 0.085350 0.539078 0.780352 0.438633 0.764600 0.386287 0.434017 0.307238 0.866068 0.622884 0.626122 0.859175 
0.762740 0.898097 0.891258 1.420154 0.661397 0.552457 0.746595 0.722890 0.549015 0.387995 0.540027 0.246794 0.617977 0.639630 0.104486 0.559513 0.844469 0.326106 0.721565 0.409414 0.484404 0.382828 0.762129 0.702165 0.569282 0.886188 
0.528644 0.655957 0.788881 0.661397 1.448248 0.337645 0.699917 0.644251 0.475696 0.365652 0.424411 0.295998 0.664693 0.916598 0.085100 0.466039 0.684637 0.389976 0.480561 0.301406 0.335038 0.320663 0.999186 0.537674 0.403396 0.749636 
0.629149 0.414367 0.611596 0.552457 0.337645 1.426306 0.330993 0.451947 0.651050 0.271053 0.320151 0.198941 0.356601 0.433971 0.111490 0.500854 0.567742 0.243076 0.746685 0.450063 0.544718 0.258189 0.460965 0.501047 0.511075 0.547802 
0.539173 0.722937 0.669744 0.746595 0.699917 0.330993 1.403680 0.691076 0.374127 0.379528 0.506253 0.277201 0.525414 0.548834 0.080825 0.529862 0.698632 0.320485 0.548026 0.270688 0.350081 0.384124 0.781371 0.680703 0.422445 0.774102 
0.705080 0.662891 0.758731 0.722890 0.644251 0.451947 0.691076 1.477910 0.532833 0.334510 0.628863 0.285455 0.671337 0.786148 0.102593 0.732345 0.842001 0.363981 0.661789 0.532887 0.593134 0.439570 0.756228 0.693874 0.593288 0.890606 
0.753392 0.514363 0.532160 0.549015 0.475696 0.651050 0.374127 0.532833 1.366679 0.337326 0.408429 0.239405 0.457335 0.494143 0.096373 0.459128 0.471789 0.288386 0.792147 0.381421 0.536836 0.287220 0.434672 0.702042 0.559229 0.630527 
0.466330 0.383236 0.396286 0.387995 0.365652 0.271053 0.379528 0.334510 0.337326 1.764982 0.558218 0.307413 0.465337 0.351446 0.118277 0.516319 0.439330 0.325181 0.529730 0.232663 0.283572 0.321590 0.398670 0.390988 0.409234 0.533306 
0.586988 0.469555 0.454433 0.540027 0.424411 0.320151 0.506253 0.628863 0.408429 0.558218 1.886296 0.232097 0.551915 0.399926 0.180251 0.727876 0.557230 0.380790 0.665025 0.345247 0.420498 0.453606 0.465544 0.530308 0.514338 0.643009 
0.272295 0.267318 0.221483 0.246794 0.295998 0.198941 0.277201 0.285455 0.239405 0.307413 0.232097 1.387461 0.289055 0.335832 0.184348 0.315002 0.307143 0.238606 0.190347 0.160113 0.180150 0.306065 0.304973 0.242491 0.222182 0.268355 
0.606193 0.603460 0.594364 0.617977 0.664693 0.356601 0.525414 0.671337 0.457335 0.465337 0.551915 0.289055 1.313373 0.648887 0.195162 0.518623 0.689840 0.326133 0.503879 0.412507 0.474263 0.353174 0.617287 0.569573 0.449409 0.743952 
0.544811 0.564340 0.858187 0.639630 0.916598 0.433971 0.548834 0.786148 0.494143 0.351446 0.399926 0.335832 0.648887 1.578611 0.129362 0.517916 0.744767 0.405196 0.534076 0.423751 0.460798 0.355311 0.873233 0.513200 0.438322 0.685708 
0.076870 0.060764 0.085350 0.104486 0.085100 0.111490 0.080825 0.102593 0.096373 0.118277 0.180251 0.184348 0.195162 0.129362 0.760213 0.146463 0.085083 0.076521 0.114707 0.112612 0.105346 0.201989 0.096390 0.084531 0.145721 0.072889 
0.628466 0.527380 0.539078 0.559513 0.466039 0.500854 0.529862 0.732345 0.459128 0.516319 0.727876 0.315002 0.518623 0.517916 0.146463 1.874951 0.785470 0.398217 0.630182 0.416128 0.487651 0.560441 0.531474 0.570985 0.497857 0.697907 
0.671618 0.700455 0.780352 0.844469 0.684637 0.567742 0.698632 0.842001 0.471789 0.439330 0.557230 0.307143 0.689840 0.744767 0.085083 0.785470 1.406715 0.484761 0.665240 0.416672 0.487860 0.476857 0.834495 0.571314 0.488068 0.862811 
0.324657 0.323128 0.438633 0.326106 0.389976 0.243076 0.320485 0.363981 0.288386 0.325181 0.380790 0.238606 0.326133 0.405196 0.076521 0.398217 0.484761 1.455042 0.245808 0.249165 0.226948 0.260367 0.418591 0.357579 0.316169 0.400937 
0.989801 0.643707 0.764600 0.721565 0.480561 0.746685 0.548026 0.661789 0.792147 0.529730 0.665025 0.190347 0.503879 0.534076 0.114707 0.630182 0.665240 0.245808 1.593204 0.399820 0.567857 0.376336 0.606918 0.764809 0.825973 0.824763 
0.446828 0.280710 0.386287 0.409414 0.301406 0.450063 0.270688 0.532887 0.381421 0.232663 0.345247 0.160113 0.412507 0.423751 0.112612 0.416128 0.416672 0.249165 0.399820 1.524363 0.521295 0.270624 0.334465 0.383167 0.364757 0.397652 
0.552966 0.396076 0.434017 0.484404 0.335038 0.544718 0.350081 0.593134 0.536836 0.283572 0.420498 0.180150 0.474263 0.460798 0.105346 0.487651 0.487860 0.226948 0.567857 0.521295 1.272984 0.253503 0.370625 0.571455 0.451138 0.502934 
0.396778 0.352156 0.307238 0.382828 0.320663 0.258189 0.384124 0.439570 0.287220 0.321590 0.453606 0.306065 0.353174 0.355311 0.201989 0.560441 0.476857 0.260367 0.376336 0.270624 0.253503 1.703878 0.349470 0.313300 0.294923 0.381950 
0.607720 0.643856 0.866068 0.762129 0.999186 0.460965 0.781371 0.756228 0.434672 0.398670 0.465544 0.304973 0.617287 0.873233 0.096390 0.531474 0.834495 0.418591 0.606918 0.334465 0.370625 0.349470 1.575649 0.560514 0.407942 0.828637 
0.869247 0.765100 0.622884 0.702165 0.537674 0.501047 0.680703 0.693874 0.702042 0.390988 0.530308 0.242491 0.569573 0.513200 0.084531 0.570985 0.571314 0.357579 0.764809 0.383167 0.571455 0.313300 0.560514 1.408184 0.487206 0.844881 
0.755305 0.472473 0.626122 0.569282 0.403396 0.511075 0.422445 0.593288 0.559229 0.409234 0.514338 0.222182 0.449409 0.438322 0.145721 0.497857 0.488068 0.316169 0.825973 0.364757 0.451138 0.294923 0.407942 0.487206 1.487903 0.635133 
0.878655 0.857842 0.859175 0.886188 0.749636 0.547802 0.774102 0.890606 0.630527 0.533306 0.643009 0.268355 0.743952 0.685708 0.072889 0.697907 0.862811 0.400937 0.824763 0.397652 0.502934 0.381950 0.828637 0.844881 0.635133 1.458845 
